12 0.6917473357249249 0.6562992180743251 0.15967579569221457 0.1930942153261999
10 0.5852922987851835 0.12114865712016738 0.16386727767961257 0.20486927382922598
10 0.25430640855136155 0.10366582245445179 0.14565980238187842 0.10194216269867735
10 0.49078480509819833 0.44995620452400487 0.2599112546882796 0.17160549689322496
10 0.558683699304977 0.7630428299201638 0.19127668093942732 0.2012333366929719
10 0.5263174498825139 0.6263745865961069 0.22001875920517647 0.1520720980871981
10 0.3582327141447377 0.6066453518506641 0.2640214901766796 0.1300588179669371
10 0.39150623758954495 0.7388917056663615 0.25490465416829283 0.16941113028186922
10 0.24584643520766591 0.7280572729157748 0.15476354003074444 0.09061525573215888
10 0.13952778480839145 0.7514497981727054 0.1593154088551798 0.0822431940612469
10 0.1944753441890549 0.8240897450232179 0.1547635400307464 0.09849484318712587
10 0.29444017967702374 0.8365914705507929 0.13100137163450784 0.09417530920131897
