1 0.2650112082750847 0.17287833160570856 0.06471512844258595 0.1318779801661868
1 0.2461222748464122 0.2998416044365096 0.03942038280766683 0.0794544352554045
10 0.06914193692835843 0.5881807216931701 0.03157880619406566 0.12632761316771204
10 0.11739354569190662 0.5592599805573262 0.05225796444225192 0.07833553082055675
1 0.30987863454540254 0.7141543184497917 0.031417564078509215 0.09725198886974934
10 0.4627908899617646 0.5237077103931063 0.050933528874324695 0.08230165003321492
10 0.37196405942805943 0.8397785017360545 0.07929658610863188 0.1903887053015923
10 0.4461774146361771 0.8356220643706487 0.061899774656666545 0.20924544712589668
10 0.5252469937041395 0.8357395521785566 0.05285914967391811 0.20999204069375949
10 0.47462763850793044 0.7411686686037088 0.031058483424222502 0.12361233601121818
10 0.4910875756864607 0.6212483980616006 0.03710082404878359 0.12430634214961951
10 0.7295579538139906 0.29481011657328393 0.051411288218168295 0.09319462013738596
10 0.8108914132130617 0.308418904914093 0.05139927587757391 0.08712201193223645
10 0.7889567472336303 0.045051483907703596 0.08508232622654711 0.09010296781540719
12 0.9522089786785459 0.12901106755387817 0.04897468335321758 0.07819121363362572
