12 0.9259903068724946 0.034951534969674014 0.029565971820506992 0.06990306993934803
10 0.9406787060328644 0.8847258524468117 0.026944048656948612 0.11021097401317605
10 0.6941091490465005 0.8113389271210629 0.03221718218554652 0.10996245390657977
10 0.4140959463351521 0.8282206599529743 0.023082707983253303 0.06400416837652434
1 0.19093605477708117 0.9406748420720885 0.030209386716115758 0.06960478869151056
10 0.43739352267795356 0.6295717368310357 0.037962014604518445 0.09755940171133214
10 0.5239016384720963 0.4739833786355298 0.04032181048172934 0.06836771119701779
10 0.5143798375821589 0.36893212240922435 0.025519147263631962 0.11196630147199031
10 0.5343752255375499 0.11245585819305226 0.02779120816295066 0.11258512023257315
10 0.5153995081359658 0.1703683480968582 0.02629705718644707 0.11015522555129492
10 0.5204796214560748 0.27444883694495653 0.04542218968568235 0.16280294364566392
10 0.1717526547489861 0.3428295518259024 0.03582974041653479 0.107806327359392
10 0.16189125830406856 0.2203223616447759 0.039116872564840886 0.0980057521449019
1 0.0230099250381417 0.10360642045402908 0.03155646862373719 0.06949498788456669
