1 0.7567808076377208 0.44778290404382676 0.06942933723020071 0.10663426094502419
10 0.641385771789156 0.33096253790388636 0.08998171809646233 0.13019070498127613
10 0.5817368791262645 0.03232486556481877 0.06466526632875566 0.06095546077937255
10 0.24489812397916105 0.35784794671246045 0.06694292070944613 0.05587583904775816
10 0.027037054716257492 0.18283686607322885 0.0467512763202427 0.08465457977692145
12 0.3603718502365215 0.7018296596904983 0.05921828500288248 0.06347457724463515
1 0.6604859948676192 0.9041852674016956 0.0452825815174404 0.059353400670039094
1 0.49534520099334883 0.9546612275194684 0.06923755788735525 0.09067754496105679
10 0.23771434466699176 0.8103969437392031 0.10985375822607703 0.10876725721338049
10 0.0594561198744947 0.8150555905898588 0.11100870719769705 0.10205421842607104
10 0.24508844999614804 0.9227563305478026 0.04225837234261273 0.08445661094384313
10 0.23360708553458967 0.9737165397579622 0.04329742513622516 0.052566920484073215
10 0.14266142452986655 0.9360067638801306 0.07563995927454258 0.1279864722397389
