10 0.8941391604793054 0.5266393442622952 0.06361464382856702 0.11885245901639366
8 0.18354989978220437 0.31147540983606586 0.2183372363835435 0.6038251366120224
10 0.46061714327721837 0.24931693989071035 0.08874635497071734 0.19262295081967204
10 0.3522366389766964 0.25819672131147536 0.09345855080987038 0.2021857923497266
10 0.4912464162317136 0.3770491803278688 0.09974147859540787 0.18306010928961755
10 0.4131025018990909 0.3394808743169396 0.09581464872944706 0.1680327868852459
10 0.4382342130412409 0.47540983606557347 0.08953172094390945 0.15846994535519165
10 0.34772449485665113 0.44204261765667163 0.10413658063862048 0.18986049815849398
10 0.48722296250357294 0.5892813713306052 0.10023841986605135 0.15305080974000976
10 0.37334097993353127 0.5660331470663004 0.11304666240449228 0.15692551378406133
10 0.41984046914917195 0.6788839023492826 0.11360354251485882 0.1617688938391243
10 0.2767694148523768 0.6009054834627574 0.10246594030751895 0.17823638602634065
10 0.34164594771012696 0.6958357325420049 0.09411273865201532 0.17629903400431565
10 0.3480500689793466 0.8323840404229785 0.11917234361852902 0.12793525279731777
10 0.2098185746394366 0.6560693533556743 0.07153078996209275 0.1760674406950208
10 0.26687958328403294 0.7577007745906812 0.088050859706629 0.19773799563648142
10 0.09905226523097027 0.7743711401348606 0.09029254109489827 0.1699542061321809
10 0.17414828024855872 0.7910498272593287 0.10451379484446142 0.17354875329606562
10 0.26529950363718807 0.8893867265582601 0.11802155910498184 0.12070600707676603
